cx	cy
145.042	32.005
111.033	48.088
104.003	173.272
69.297	110.182
101.001	41.283
86.632	88.338
81.735	42.356
60.332	113.149
42.411	134.872
38.247	49.094
107.503	82.383
145.818	48.219
143.879	25.035
74.385	94.183
109.722	169.89
86.344	80.737
162.768	136.752
107.359	103.893
159.33	79.034
37.161	48.183
155.527	91.419
107.038	96.583
128.694	159.409
74.476	66.168
126.211	152.352
93.501	68.56
168.734	81.415
113.672	95.018
31.141	116.356
124.633	159.202
91.535	61.504
33.082	150.961
162.43	132.932
143.23	78.05
73.125	66.514
113.752	124.009
136.675	147.221
126.076	126.111
165.204	80.267
177.224	94.552
34.062	114.361
169.657	122.736
146.493	62.307
123.291	156.466
87.724	86.754
139.566	20.075
142.051	78.049
42.33	133.102
114.669	171.695
36.064	81.453
47.231	131.443
88.277	81.646
140.473	94.341
60.196	31.09
126.161	108.711
43.055	32.049
66.608	143.28
147.568	160.234
86.458	124.073
95.493	39.044
60.004	118.801
144.341	88.593
144.971	157.044
63.269	103.304
111.931	79.056
140.566	60.231
115.303	170.436
104.256	101.546
143.977	104.493
122.131	122.939
145.593	26.119
133.272	103.415
162.521	97.066
33.043	76.48
90.262	120.621
131.677	98.071
170.198	98.474
137.988	94.177
171.245	76.602
171.029	122.672
148.313	154.348
112.897	48.196
79.242	121.479
95.081	59.335
47.239	35.35
132.923	151.203
31.13	139.613
38.196	55.398
135.178	143.121
146.843	72.588
63.383	102.014
135.5	153.995
144.418	31.11
38.249	45.368
95.525	70.303
124.045	119.03
141.225	81.047
39.211	47.166
170.274	42.388
87.185	133.227
29.004	34.047
140.255	34.033
48.265	118.913
110.507	86.784
57.344	117.635
49.415	33.198
140.765	98.029
45.253	116.203
34.201	72.169
94.014	50.46
99.843	34.233
145.75	78.471
44.416	48.295
157.852	82.248
43.21	64.336
121.413	116.768
32.024	114.768
165.561	48.149
146.292	150.708
105.478	100.17
78.277	57.552
154.251	131.614
132.327	154.477
144.101	50.492
167.668	96.759
107.099	84.668
89.204	58.16
135.181	86.437
173.132	82.557
71.035	55.175
134.155	150.712
109.599	100.225
63.098	94.473
35.34	39.257
56.333	115.597
132.378	27.208
141.237	142.362
174.498	82.035
40.337	67.424
140.389	58.009
57.558	113.626
49.317	40.173
86.739	68.148
173.18	85.216
60.405	108.393
53.483	134.87
69.147	91.572
143.588	43.047
54.014	119.077
117.03	54.232
47.377	40.162
26.208	35.227
55.213	122.889
58.414	123.898
90.126	121.238
146.17	54.415
89.323	83.009
162.123	96.146
111.298	131.883
170.009	42.414
163.923	55.246
37.222	150.18
45.143	52.111
172.199	55.243
136.332	33.271
46.202	71.253
43.378	122.049
112.045	127.174
25.219	107.988
78.177	125.16
29.029	139.236
36.117	67.422
38.203	51
168.54	56.177
40.037	136.115
140.492	30.088
33.094	81.129
66.658	99.495
45.066	48.316
167.737	123.687
60.146	132.542
33.142	79.331
126.798	111.809
31.279	37.298
31.108	147.952
114.41	129.104
150.549	161.45
140.143	149.849
44.246	75.429
105.141	168.464
162.117	94.12
96.185	50.482
58.46	143.15
50.311	133.496
74.665	50.445
89.777	76.182
82.683	120.17
139.047	41.37
111.341	53.19
136.153	100.594
89.191	135.001
59.422	141.886
80.416	132.007
138.11	73.59
160.108	85.292
163.018	122.174
141.601	152.052
114.141	129.157
47.028	130.875
137.923	49.412
66.643	107.254
96.819	34.083
145.035	148.351
101.307	39.123
35.168	40.03
51.435	45.014
120.93	168.174
51.399	116.339
160.449	133.667
80.413	45.081
39.166	30.268
146.847	153.436
169.535	124.166
48.068	120.458
127.675	166.362
45.084	134.214
131.035	108.608
35.304	80.766
128.503	121.585
63.153	137.182
76.529	59.202
33.027	131.14
137.357	161.076
135.123	18.152
98.939	39.029
143.221	163.466
95.329	65.333
51.497	134.287
29.267	122.136
44.195	51.07
59.56	128.171
62.54	149.767
40.127	44.416
115.732	77.103
61.197	127.065
114.477	133.324
76.165	63.244
142.245	55.109
105.238	107.466
60.428	33.264
43.291	54.232
71.125	75.474
170.322	122.364
38.234	54.093
87.07	130.983
84.341	138.419
167.335	98.786
36.019	66.018
150.549	156.694
117.129	61.219
118.579	134.893
87.025	125.503
67.623	103.051
146.092	88.275
34.083	68.359
166.633	56.38
123.692	157.839
127.552	164.82
61.334	35.326
55.213	38.003
73.126	65.514
103.058	38.224
160.341	88.731
110.386	135.594
99.301	29.248
84.363	119.045
143.087	89.047
174.508	42.006
167.796	128.148
54.211	132.039
38.275	34.146
138.068	77.556
96.331	56.4
107.049	72.229
44.41	66.431
36.141	120.776
77.207	123.57
120.046	124.065
136.773	96.947
81.76	50.432
102.533	98.523
99.987	52.205
164.245	46.321
109.838	162.003
68.181	82.261
131.504	26.058
115.439	48.08
95.872	72.089
147.38	148.333
38.082	73.504
79.499	132.881
110.191	49.265
37.362	56.04
70.64	109.526
35.28	52.421
71.645	67.578
33.08	143.583
37.143	147.789
138.967	142.128
154.05	133.695
147.615	30.036
111.925	50.288
33.027	146.046
107.232	65.399
145.342	160.558
134.5	23.176
168.441	46.392
71.329	101.089
134.251	95.71
129.468	151.157
115.304	59.485
89.456	86.44
116.586	123.207
36.2	76.664
165.156	87.184
137.719	109.411
144.731	81.778
137.14	93.461
106.107	170.076
77.31	51.412
111.959	82.099
30.256	116.627
170.751	88.603
25.222	170.024
86.058	67.152
163.557	132.372
40.089	140.707
116.885	51.47
175.19	79.596
140.981	154.974
72.028	91.732
106.979	71.61
80.287	139.249
81.704	138.753
166.846	54.39
149.087	169.625
38.324	45.084
131.004	22.039
37.265	68.343
136.326	103.466
112.751	130.17
49.144	31.216
123.889	125.489
133.174	112.048
65.517	28.262
168.349	119.883
48.385	32.16
32.154	45.267
161.72	81.006
68.21	66.337
110.264	91.223
59.515	31.054
81.751	139.379
149.423	164.28
168.671	129.431
103.67	170.21
76.714	57.023
102.086	28.154
168.027	128.937
134.866	91.909
156.476	94.437
160.172	86.198
137.922	72.396
160.302	89.409
132.564	154.241
29.004	32.221
70.009	110.387
55.045	113.994
36.022	125.974
66.394	77.016
166.425	124.104
137.067	113.231
33.168	47.374
43.02	119.825
164.787	89.427
144.792	88.316
62.321	147.285
25.168	109.857
31.159	32.288
134.149	147.532
94.633	51.291
60.187	136.874
34.044	139.568
147.272	166.638
37.178	83.302
57.324	30.096
141.191	45.115
110.562	89.211
71.079	57.551
137.969	39.349
136.567	106.393
161.056	51.179
143.807	77.462
118.101	168.419
98.117	57.376
77.604	67.584
51.316	43.024
26.248	32.165
108.693	128.179
66.448	95.799
140.458	109.81
23.197	166.66
64.365	113.959
172.614	47.026
52.32	31.276
58.19	105.647
110.22	72.496
25.044	37.085
57.514	119.218
26.006	111.588
108.987	128.057
120.251	126.539
135.402	20.068
137.749	108.818
145.167	35.257
133.669	149.16
46.207	129.558
170.234	79.261
130.3	106.194
59.41	30.005
171.254	45.045
140.664	46.185
147.971	146.002
170.28	125.797
110.886	79.732
56.105	145.619
139.579	35.34
169.921	130.368
79.571	136.615
29.109	39.274
106.763	84.247
166.853	126.963
129.697	154.332
169.409	56.405
167.597	90.552
83.466	138.446
159.384	90.386
80.212	139.34
26.161	171.028
86.854	120.514
81.368	134.158
89.537	78.327
147.374	61.01
26.233	137.266
92.689	47.191
140.722	92.048
37.236	150.061
66.268	106.533
59.197	101.577
43.217	115.53
164.671	119.34
155.611	92.754
120.845	131.389
148.95	153.289
30.114	112.568
92.644	125.173
60.436	149.05
72.393	77.62
161.335	131.16
72.368	81.582
145.228	42.262
141.371	152.407
156.807	83.059
113.771	68.603
38.046	46.154
74.649	65.002
140.287	54.472
143.338	24.17
90.4	124.12
50.204	37.251
173.352	50.245
170.292	87.276
57.072	31.133
62.026	29.132
48.443	49.156
104	35.051
135.407	117.129
93.598	60.325
170.348	77.265
47.205	136.35
96.122	66.374
110.053	57.303
172.428	48.101
125.081	168.202
135.817	84.278
144.354	147.248
138.073	61.518
28.214	156.328
47.149	45.235
44.396	30.121
46.141	141.908
71.275	103.61
51.046	130.747
172.644	84.276
87.022	126.266
107.834	66.431
31.28	163.177
147.021	76.664
150.257	159.347
39.308	33.238
107.812	65.542
137.191	54.026
136.694	32.276
142.879	21.047
114.079	70.033
35.176	154.125
168.981	133.751
78.303	117.162
36.096	132.159
45.332	66.493
40.376	121.28
44.221	125.834
70.109	91.865
111.026	87.573
46.408	51.05
165.925	135.268
107.886	173.655
33.19	38.318
116.693	65.576
141.297	30.225
104.906	96.376
105.014	89.793
40.374	115.747
139.506	58.544
155.238	89.763
25.046	153.492
115.448	56.337
32.147	31.046
88.535	119.147
134.325	96.761
145.201	148.718
113.057	52.209
45.121	31.247
101.558	103.327
75.227	69.199
144.634	143.452
92.075	72.124
83.803	134.038
30.23	39.117
137.247	71.261
148.419	157.005
143.761	62.003
24.177	154.274
94.435	60.36
148.206	155.767
137.016	58.463
47.402	42.003
70.238	107.753
103.751	171.403
72.131	95.69
135.861	147.946
43.214	63.031
41.319	63.357
107.851	89.006
35.32	45.29
167.382	52.405
139.325	48.353
83.379	135.841
90.666	69.46
131.746	160.171
143.754	73.25
150.363	160.159
138.516	155.504
166.917	52.034
166.69	51.299
143.838	83.322
107.636	73.63
90.607	122
37.212	71.501
139.296	91.076
147.752	58.39
73.556	81.648
111.078	84.318
123.05	126.202
37.176	57.062
90.866	85.158
29.191	154.648
110.954	74.031
101.382	28.202
38.051	63.275
128.243	152.414
111.802	100.217
57.488	35.164
136.252	33.199
30.105	126.26
134.691	103.686
57.276	141.079
29.115	116.476
98.859	51.022
139.316	99.167
146.31	90.018
108.407	100.641
104.836	38.18
89.337	118.935
139.166	57.16
59.341	37.051
110.777	61.067
139.874	162.556
28.212	135.956
103.735	28.212
147.07	65.161
63.421	115.148
143.169	99.697
45.091	76.684
45.365	135.555
119.156	155.212
133.308	109.133
98.155	44.254
117.701	121.861
175.853	41.064
75.15	130.114
131.269	111.373
146.418	165.514
38.018	58.268
89.222	116.519
67.543	63.147
169.318	126.442
53.338	30.015
60.57	34.235
171.156	79.35
27.088	115.098
41.295	70.494
140.508	70.099
168.526	51.432
163.99	142.181
46.367	72.193
135.809	81.636
71.581	69.38
31.182	121.436
175.137	81.637
138.234	102.74
108.654	88.531
32.187	30.172
95.36	54.398
140.698	104.467
31.151	143.689
52.435	117.353
138.519	31.173
150.422	158.579
106.975	105.32
139.145	62.012
70.553	99.719
76.226	58.238
31.258	36.097
60.36	143.784
166.561	86.402
161.197	87.291
87.36	125.123
147.117	164.465
37.281	140.142
41.331	47.291
138.174	105.356
139.243	148.206
86.363	83.776
163.773	140.229
174.647	47.301
57.36	122.323
141.333	95.373
140.085	47.113
139.004	23.12
53.394	126.572
135.05	24.22
28.183	168.56
26.239	169.048
33.024	130.937
63.563	129.446
91.728	40.377
136.31	159.13
34.237	164.591
132.887	160.84
24.039	159.945
67.132	74.572
41.038	120.926
171.641	138.823
44.276	36.035
137.735	64.536
34.025	125.779
121.894	166.858
112.501	132.976
112.077	96.363
110.027	97.565
116.92	157.204
67.554	70.142
140.962	58.445
41.048	69.646
142.426	66.535
156.513	134.849
52.47	124.825
104.343	31.047
92.464	38.349
143.164	51.253
132.385	21.115
175.043	126.993
147.677	36.158
163.684	52.026
45.448	131.623
33.24	117.39
145.018	65.151
35.069	135.076
169.604	123.027
143.281	75.666
137.212	68.303
28.003	106.928
57.348	132.1
147.41	151.858
33.071	156.258
140.298	101.443
173.656	46.331
135.649	114.3
137.946	91.055
171.838	132.468
127.125	116.503
160.581	94.472
85.794	115.756
38.25	65.108
47.158	39.002
47.157	69.226
171.628	45.124
80.097	42.211
167.184	40.086
32.143	34.334
93.825	42.154
147.132	67.139
29.101	42.036
105.022	94.545
37.162	142.89
138.104	78.743
82.153	115.24
150.601	159.267
68.251	100.139
110.606	56.153
110.122	176.131
163.569	46.014
139.083	75.079
91.097	44.133
78.377	55.498
161.169	141.296
143.079	85.179
44.013	132.075
141.154	76.617
86.162	77.079
44.109	55.026
48.155	132.834
29.057	168.656
171.649	83.586
141.332	32.048
162.488	85.218
41.343	39.142
116.942	69.637
87.718	85.039
40.33	142.571
156.535	88.072
28.247	114.553
121.413	163.87
115.567	161.511
128.554	162.337
85.193	120.942
108.029	172.912
136.259	119.954
137.643	97.885
38.237	37.21
117.77	60.214
166.57	78.005
105.234	94.715
130.357	24.009
160.155	119.916
134.43	163.659
142.05	40.049
29.241	118.763
84.332	136.156
106.504	165.993
160.529	134.12
134.131	108.093
163.804	129.41
133.54	108.685
162.879	54.018
54.259	114.933
33.101	142.006
38.298	130.002
140.208	74.63
46.206	43.331
35.029	51.217
143.336	64.611
83.351	116.249
131.448	117.019
167.364	127.138
142.959	22.128
166.383	53.127
89.623	73.682
29.13	131.197
78.411	123.121
47.25	30.086
115.118	170.618
141.371	155.035
55.268	28.181
141.184	146.569
111.475	67.002
92.53	56.459
134.204	116.786
130.173	114.701
47.395	38.117
31.054	134.263
89.503	53.03
145.12	33.053
36.336	138.292
98.728	48.024
54.375	132.263
96.729	37.148
119.838	166.215
132.993	145.025
40.073	59.493
161.319	119.793
123.199	128.017
62.43	29.269
111.093	49.003
165.356	54.53
127.989	165.756
80.756	121.03
41.054	119.105
174.088	131.869
65.546	108.521
162.224	132.484
61.37	143.521
86.749	137.111
163.271	138.057
116.087	157.42
124.141	154.268
42.29	37.015
31.28	138.691
87.857	80.763
39.144	45.001
147.586	151.267
141.25	49.161
162.856	82.544
166.268	51.053
44.115	29.165
140.797	95.947
26.225	115.971
114.829	164.587
130.437	148.005
106.79	161.208
37.156	80.79
87.493	120.485
113.93	67.228
120.542	161.217
31.278	125.442
119.667	164.488
147.413	60.445
79.71	137.972
72.182	95.726
79.25	47.251
35.316	46.13
84.339	131.017
91.561	67.448
51.19	36.331
41.219	81.133
91.197	85.788
131.021	120.517
109.073	97.098
72.649	67.297
95.342	48.182
103.585	42.092
27.131	107.801
143.925	92.07
80.114	49.351
166.394	132.28
77.36	56.091
34.173	159.364
170.923	91.228
131.526	24.129
60.569	115.017
108.254	159.572
25.065	161.102
32.304	151.233
50.363	41.037
145.161	58.348
145.375	49.102
29.061	151.431
57.202	111.088
58.486	132.2
135.59	161.133
53.353	36.111
73.077	82.641
60.344	114.503
160.323	131.058
163.458	53.291
146.758	84.518
128.372	125.134
38.223	58.19
148.804	149.058
100.381	41.385
158.96	128.749
106.118	82.587
161.457	44.2
146.306	40.339
128.268	160.909
144.271	73.459
173.791	95.417
141.385	99.042
106.126	85.074
89.045	64.41
167.335	47.344
137.142	110.593
145.941	49.315
64.328	30.218
58.492	136.218
49.343	44.306
32.192	158.641
134.179	20.051
83.043	122.703
127.36	129.011
61.117	31.027
119.968	117.803
33.035	147.864
91.235	69.237
113.732	88.698
38.019	147.154
158.611	95.282
91.832	76.504
136.149	78.191
101.194	48.237
87.357	59.552
72.488	82.281
118.695	130.033
88.714	75.034
68.246	70.415
148.317	152.828
134.11	102.259
48.262	122.804
114.278	60.26
90.369	80.265
162.783	138.735
134.575	144.178
139.54	113.222
71.513	82.099
111.587	123.958
39.07	124.096
132.246	23.171
141.521	101.822
164.269	132.459
140.832	67.333
113.107	165.258
117.55	165.107
101.07	93.871
31.072	141.008
47.364	116.165
118.911	162.318
133.176	114.226
135.203	82.032
34.209	49.352
137.016	25.075
49.048	138.8
50.027	138.035
68.622	98.717
47.389	135.067
47.149	127.034
156.929	123.732
118.144	126.055
138.15	84.363
135.863	118.169
98.358	54.271
143.203	97.236
65.537	101.182
115.516	167.866
90.207	128.276
63.1	97.265
26.185	136.144
111.095	54.348
97.742	50.321
36.286	152.28
60.557	38.089
144.22	154.754
32.096	71.173
53.132	140.128
111.017	68.525
77.627	122.473
121.1	133.163
53.475	41.343
137.747	61.407
122.062	157.499
62.312	99.9
87.194	131.592
68.367	63.095
162.459	80.421
55.303	132.627
41.372	50.181
160.223	136.222
165.331	129.611
124.624	166.572
90.301	132.949
50.098	139.196
174.253	39.209
117.384	124.402
177.683	84.69
53.135	37.007
31.092	39.058
52.392	119.409
86.767	113.794
143.895	65.134
109.234	166.42
161.041	88.851
140.709	71.089
103.707	175.242
25.246	118.774
58.245	120.174
113.584	72.142
177.285	79.722
35.345	47.08
164.638	87.422
59.473	107.402
68.641	99.163
107.985	68.13
24.182	111.678
78.646	43.396
74.007	53.296
142.297	88.842
109.026	57.287
173.198	82.162
129.061	150.545
62.217	127.842
137.146	59.193
72.225	58.246
167.48	83.637
84.026	133.203
91.285	38.196
141.804	158.01
28.235	108.112
117.074	163.281
142.979	97.961
91.834	56.488
106.252	170.652
31.189	145.758
136.452	23.222
54.084	128.491
64.517	132.026
95.817	56.144
130.582	109.383
106.633	173.731
130.635	163.941
139.251	163.899
31.179	140.232
104.635	37.236
118.327	157.509
41.056	55.055
56.286	30.128
138.679	151.662
137.01	30.233
90.324	134.119
52.317	47.007
109.637	98.79
138.785	118.119
33.19	119.786
60.252	135.289
41.386	115.572
144.123	69.312
92.838	48.06
138.191	71.375
163.313	128.145
44.338	46.27
89.679	68.186
26.241	155.285
37.046	122.564
87.006	133.721
145.819	50.389
79.779	49.071
137.658	43.021
27.188	116.895
170.653	124.013
149.426	154.142
161.472	46.041
35.256	75.669
66.638	140.692
100.694	32.075
57.451	146.977
167.297	92.35
32.023	36.339
110.621	82.658
40.097	55.02
52.432	131.611
115.703	67.439
141.503	161.01
25.09	166.396
78.763	49.427
168.133	81.206
141.479	69.098
35.194	79.677
84.585	73.663
159.206	128.6
124.566	123.322
137.986	47.195
94.907	38.322
120.939	130.068
135.319	87.466
34.23	150.311
29.252	164.466
89.318	74.36
55.087	36.063
25.025	34.162
148.178	157.192
113.319	75.734
170.98	41.381
37.089	147.441
30.049	125.752
113.263	126.147
140.208	55.533
135.154	115.355
163.154	136.341
164.934	77.267
64.117	98.939
168.73	118.692
176.966	91.635
46.121	44.058
130.256	153.357
39.232	128.738
112.68	76.023
39.249	71.028
34.083	69.505
116.775	130.256
114.267	67.412
36.039	119.224
76.08	48.418
71.483	77.449
162.598	134.191
135.573	75.106
145.361	34.315
36.03	154.356
121.086	127.223
144.281	96.745
103.048	172.273
62.019	100.574
126.389	130.064
42.027	130.171
39.361	125.721
173.001	48.341
113.679	56.455
141.096	97.81
47.126	141.536
63.089	147.663
115.127	172.962
83.286	83.402
48.064	50.093
33.259	120.38
170.425	128.372
139.645	23.028
114.847	66.228
35.233	48.363
160.103	131.843
146.907	27.067
111.193	55.03
35.154	50.003
106.38	64.079
167.902	75.45
92.028	63.605
111.736	81.697
166.168	43.254
82.712	134.023
137.064	17.063
170.67	135.339
89.551	48.127
110.954	52.139
168.39	41.296
71.308	58.011
170.552	138.458
92.61	49.346
161.406	98.44
137.041	88.643
172.463	134.255
110.452	95.264
31.201	160.111
30.241	132.794
165.355	97.035
145.367	63.628
30.069	145.858
30.17	134.011
72.287	48.441
119.18	132.466
85.185	131.617
128.468	25.069
132.107	163.658
84.163	82.077
139.273	34.21
45.305	65.539
120.56	120.106
143.871	71.682
124.229	156.79
144.935	31.2
86.312	83.453
146.253	53.163
142.594	25.137
130.038	23.124
171.68	54.413
112.378	173.881
47.065	129.209
111.046	75.328
132.567	110.49
92.235	82.164
140.174	61.361
38.212	133.686
37.072	46.398
116.592	56.189
168.664	99.24
145.399	148.046
164.561	43.234
34.32	140.135
89.588	60.432
25.227	164.17
52.411	128.558
30.16	30.039
66.23	96.526
49.367	41.228
90.019	70.071
112.872	65.351
158.065	123.694
63.329	114.461
64.198	102.015
122.825	156.192
39.057	130.691
125.672	167.444
104.45	100.442
108.243	105.531
157.383	84.518
167.363	117.41
108.666	129.798
94.406	66.549
107.165	68.113
30.276	169.975
140.39	146.725
144.401	152.224
47.443	49.032
66.203	99.951
69.541	106.128
146.003	89.45
43.226	117.753
117.75	125.537
146.288	73.528
84.233	129.422
36.144	53.318
168.012	87.643
136.06	92.824
138.692	145.217
142.278	46.298
31.178	169.467
41.269	55.244
113.306	56.194
137.411	112.151
40.032	130.552
155.527	135.521
140.421	18.073
27.114	146.583
139.168	79.058
78.608	52.341
135.914	157.549
40.028	33.308
108.058	77.325
131.469	25.137
57.153	138.964
65.287	93.537
129.369	110.868
28.248	159.322
89.143	55.407
141.239	91.702
45.128	137.388
29.102	121.009
107.525	176.678
105.306	164.317
141.962	146.052
27.009	148.21
160.469	123.524
131.808	27.255
85.248	138.836
147.068	93.632
60.45	121.155
82.393	124.07
165.57	95.251
46.154	133.392
67.277	146.206
157.315	133.054
80.369	44.309
67.193	113.655
170.398	55.157
157.025	88.622
59.46	36.089
78.462	51.353
28.109	116.216
95.938	72.164
135.366	110.706
113.067	176.097
143.181	95.803
123.332	130.89
28.196	162.298
33.119	42.038
50.054	37.124
143.177	40.377
71.043	72.33
110.348	67.06
112.338	168.784
172.456	92.571
146.118	159.866
112.186	53.065
130.073	161.922
59.14	29.038
115.235	52.339
139.021	24.059
45.266	122.381
170.223	81.482
126.967	123.102
132.156	106.589
33.244	141.213
34.133	43.089
37.303	39.037
26.123	34.073
142.794	95.504
39.194	61.258
137.898	111.659
121.987	120.881
44.079	53.32
159.588	96.225
71.596	67.476
34.199	161.033
161.093	122.525
121.821	157.371
65.105	119.197
94.166	62.172
45.418	53.039
110.929	127.252
171.555	133.85
97.382	30.147
162.558	79.19
25.25	118.137
40.061	38.128
137.72	90.28
111.37	76.735
134.455	85.335
90.848	79.275
109.832	73.485
110.864	178.468
145.422	144.104
129.833	18.072
46.101	68.114
32.221	49.126
145.342	67.146
141.644	29.2
157.183	86.281
114.188	175.218
173.491	81.06
131.76	20.057
70.206	65.486
48.221	116.006
50.384	136.273
120.465	116.107
37.261	137.147
33.068	111.291
108.014	81.326
129.376	160.264
52.503	32.288
147.93	148.344
121.77	124.437
111.508	176.027
60.021	123.905
108.528	94.356
95.534	63.279
161.704	79.034
139.89	142.244
112.539	94.068
107.782	69.427
176.744	45.13
29.092	31.088
84.811	128.526
37.109	54.125
91.742	125.985
151.072	161.217
113.486	162.724
60.451	122.289
59.364	33.059
117.113	62.273
121.109	170.881
144.187	74.004
121.526	165.278
90.674	121.42
126.239	165.884
129.55	110.336
28.243	117.039
61.174	106.193
161.146	99.588
85.157	136.342
60.134	129.595
112.491	93.384
107.404	176.444
27.155	132.551
42.419	46.097
172.047	90.664
130.755	21.2
36.287	74.321
138.073	28.05
47.369	51.475
90.639	46.028
57.143	41.288
34.268	118.425
147.783	56.012
161.763	91.227
71.279	71.592
157.246	125.142
175.516	96.49
78.138	131.661
27.179	30.087
165.89	49.457
34.287	35.199
85.381	82.495
104.391	35.13
177.24	87.56
77.258	125.212
130.755	22.027
125.064	117.695
62.222	129.206
26.217	37.056
34.137	116.067
126.07	129.874
165.308	138.179
161.035	140.925
107.369	98.449
149.611	153.012
107.454	89.179
111.398	69.075
43.195	34.315
131.862	125.583
169.44	128.478
112.769	57.212
45.275	124.193
71.065	65.488
48.111	48.277
40.354	129.07
174.465	95.316
64.593	146.173
127.211	155.158
75.747	126.837
89.338	77.413
46.079	47.079
41.049	127.291
85.482	134.188
62.611	36.23
140.163	143.546
113.247	122.839
167.31	91.145
130.101	161.484
113.455	83.578
144.52	103.222
141.249	90.544
38.194	79.619
48.302	131.184
28.023	135.284
137.85	69.207
48.105	139.514
39.153	133.086
28.068	113.876
71.506	74.707
31.005	167.91
78.509	134.796
166.332	96.611
112.872	63.12
147.315	155.663
162.347	50.339
166.884	86.505
143.051	51.444
69.442	93.485
44.272	123.248
140.352	164.625
59.192	148.422
130.216	101.078
69.278	108.5
117.076	58.005
117.819	131.281
26.223	140.09
41.4	53.246
109.384	177.608
87.542	128.809
174.726	91.118
171.201	134.616
80.164	48.234
33.108	74.678
142.353	89.349
47.362	52.282
144.793	101.171
101.091	97.899
78.442	133.766
146.307	88.533
57.532	133.786
30.064	161.526
138.882	112.099
154.357	127.025
26.03	117.048
135.255	111.412
29.113	44.418
85.373	86.762
135.223	151.77
40.096	140.158
175.121	93.661
113.36	53.166
81.157	134.027
150.479	170.647
165.532	54.389
143.185	146.706
33.121	75.177
102.309	91.559
57.491	133.09
45.406	73.388
108.298	80.167
104.356	106.879
137.377	107.657
118.771	167.481
34.057	152.486
140.01	81.667
138.111	57.094
117.568	136.336
123.572	117.856
60.217	143.169
33.037	35.038
140.109	82.101
137.307	29.154
69.638	65.315
63.062	124.092
142.293	154.069
80.295	47.371
89.755	127.366
143.33	44.301
116.673	173.744
57.178	145.253
39.298	130.084
111.038	53.471
140.822	100.65
166.314	128.235
48.297	30.22
24.03	156.521
136.008	21.054
49.22	121.117
131.658	147.11
138.724	83.632
162.061	94.311
162.82	129.881
120.078	132.463
63.14	128.197
143.189	144.734
74.71	68.113
135.312	149.109
147.187	164.278
24.238	107.239
169.523	136.712
127.109	155.334
60.403	106.358
35.259	39.312
137.992	148.036
97.226	34.063
42.419	123.056
141.382	33.102
88.079	123.518
108.031	128.094
34.048	156.298
141.342	49.029
28.188	142.24
129.337	119.011
105.412	107.841
25.239	168.447
42.17	122.793
82.216	114.473
33.02	142.412
162.148	83.76
168.121	99.866
36.192	118.074
113.973	59.463
66.042	98.968
50.396	136.021
106.032	105.091
90.797	51.352
171.396	84.051
77.092	54.095
110.078	134.858
135.792	149.803
143.116	156.797
146.091	80.079
158.493	85.536
38.163	50.446
161.459	48.126
128.844	111.682
34.29	164.801
88.473	76.042
86.72	76.325
116.142	135.093
174.085	77.361
66.253	115.814
140.568	56.245
144.675	56.341
57.208	124.436
166.393	93.926
102.832	33.273
158.48	94.604
48.225	129.119
92.134	57.419
44.135	33.252
126.624	121.844
65.482	29.048
142.11	105.013
104.609	89.37
134.186	18.038
29.168	37.281
39.154	58.344
142.654	160.135
32.083	138.439
113.795	76.608
28.056	120.09
50.237	129.126
93.222	62.493
39.312	69.569
103.963	173.396
121.925	161.183
42.324	66.401
139.314	58.28
164.343	129.075
165.828	87.21
60.487	106.244
86.269	139.629
137.58	145.206
74.603	63.033
95.103	57.564
169.447	46.076
141.248	19.188
80.01	118.42
51.084	118.95
131.842	123.008
61.011	123.517
59.282	135.668
132.582	107.614
38.367	57.411
133.468	113.233
25.161	154.47
71.232	55.145
103.401	164.593
54.031	113.233
166.194	131.249
140.075	38.038
138.847	60.016
147.295	33.108
143.346	103.557
44.227	78.533
30.043	166.306
108.934	93.72
43.388	131.166
32.174	34.201
74.73	55.02
32.093	152.187
173.59	131.202
114.237	55.32
55.347	135.033
124.839	169.345
140.072	77.638
137.546	62.377
147.501	37.348
25.008	33.174
113.561	72.64
33.095	46.102
94.018	58.189
112.658	89.851
44.435	71.039
165.009	123.014
36.334	31.176
71.572	102.107
51.472	33.034
138.581	104.29
139.022	161.025
150.488	161.322
110.037	166.375
103.946	29.262
77.385	52.077
114.645	63.132
120.891	114.025
100.99	36.35
112.047	125.712
75.242	70.668
73.024	97.722
136.623	87.299
34.159	81.218
44.295	33.054
113.483	175.226
143.629	40.06
72.362	74.527
38.174	73.677
54.13	34.019
111.071	166.076
109.817	163.645
112.824	67.324
143.623	91.647
60.564	105.116
102.728	100.101
32.25	135.039
47.033	53.388
167.505	92.08
89.689	66.386
87.513	120.731
50.198	119.156
32.075	163.004
114.652	127.068
49.135	139.018
110.536	71.449
38.112	32.174
128.643	120.87
29.066	43.076
52.394	40.283
35.162	142.824
165.138	94.07
142.144	67.218
100.367	39.182
168.855	125.704
34.328	34.102
36.158	32.253
44.201	46.135
39.304	50.347
35.294	138.094
94.439	71.317
45.167	42.189
51.395	41.197
138.81	35.207
114.84	57.103
75.096	127.172
27.013	143.775
110.133	77.024
141.205	70.383
171.663	126.483
96.689	33.077
169.682	91.326
31.092	165.003
67.294	95.44
143.343	76.208
57.542	29.108
44.074	51.131
130.158	124.987
28.241	125.443
36.237	33.286
172.099	129.444
144.494	49.221
64.424	94.922
33.16	139.616
33.256	166.402
96.497	45.159
62.394	122.773
136.408	26.136
125.055	165.139
28.256	40.076
122.165	133.243
60.176	121.143
84.002	81.235
129.286	161.248
28.049	154.356
68.285	75.224
127.789	129.196
141.029	37.264
73.468	96.566
113.509	57.285
91.197	37.278
111.648	124.982
63.509	34.226
129.003	150.908
44.379	127.17
61.4	133.948
28.061	119.096
165.682	85.403
99.083	43.113
60.032	112.628
49.455	118.761
114.19	71.005
89.802	73.51
86.573	79.078
175.737	95.821
82.508	138.237
167.482	81.036
103.065	33.077
36.094	64.637
139.449	43.267
122.201	164.491
29.243	112.137
156.964	132.261
79.402	119.102
46.082	126.442
144.053	146.966
167.179	123.713
90.592	126.943
25.21	106.131
46.155	50.256
56.147	114.96
107.651	57.471
144.357	26.062
107.455	80.633
34.283	154.091
78.284	59.563
141.276	68.229
158.295	135.279
83.317	47.302
107.668	94.347
48.041	116.714
39.103	64.28
143.339	140.293
61.23	36.223
130.242	21.039
114.464	127.348
63.058	104.232
41.408	42.068
43.043	56.332
117.412	53.346
146.498	30.135
156.344	133.473
74.546	72.673
66.602	103.068
159.535	129.638
31.073	163.32
118.678	119.513
104.543	93.626
166.265	131.477
67.474	101.841
144.205	58.308
160.497	127.21
109.552	80.667
140.725	77.472
139.592	114.915
92.039	74.332
56.094	129.028
144.703	156.757
101.573	37.353
167.667	93.655
71.576	52.38
110.389	93.301
107.389	106.575
45.171	45.121
60.19	123.065
118.849	171.529
45.225	129.999
129.737	108.789
169.368	53.421
113.011	50.142
104.087	78.711
68.668	79.117
176.578	93.805
82.356	127.002
27.114	158.832
133.807	161.069
135.022	117.995
68.608	96.059
30.174	156.532
136.833	36.284
84.635	123.137
173.582	96.939
136.832	86.326
98.463	48.454
89.674	60.126
51.288	138.874
114.953	132.453
95.833	77.252
165.894	124.391
39.207	118.254
37.169	117.206
129.449	116.892
63.105	29.111
144.329	104.428
48.083	119.852
94.048	44.249
42.176	78.363
178.741	83.09
40.343	116.218
145.327	99.377
138.143	36.008
170.244	97.371
37.293	51.025
79.147	128.238
74.497	56.434
48.125	36.272
107.835	84.113
68.42	64.191
126.73	127.39
165.485	139.9
171.048	132.013
139.533	33.008
129.421	162.651
115.047	121.383
136.163	109.859
112.487	69.263
143.952	47.341
165.454	49.282
53.006	36.352
112.255	60.31
32.219	78.177
48.101	118.116
144.239	93.352
43.216	126.906
150.279	155.981
47.288	44.063
104.572	176.683
134.033	146.724
115.059	165.132
46.145	41.064
58.492	116.562
145.062	65.008
116.14	172.107
171.265	119.92
123.814	119.794
121.095	156.105
73.703	60.357
77.751	62.474
57.479	139.499
26.048	39.079
76.309	137.222
141.973	35.103
89.543	79.359
61.234	146.137
43.232	68.549
107.414	63.481
77.655	53.361
29.098	39.14
66.308	111.945
164.445	83.793
101.703	97.23
57.357	122.41
139.37	46.079
145.409	53.488
116.785	158.247
98.902	53.132
137.214	23.018
161.887	84.329
60.369	103.182
105.68	171.206
131.326	159.488
147.288	75.689
163.124	132.483
82.546	44.143
141.374	163.382
143.278	60.538
72.513	63.125
68.472	80.352
75.353	51.106
165.613	48.168
167.673	57.361
81.709	128.532
139.379	146.434
35.349	152.099
88.708	55.256
29.263	137.047
101.309	100.387
37.079	136.32
84.49	139.878
135.935	162.28
62.239	33.085
42.104	70.108
38.028	124.947
45.026	120.354
138.24	146.079
165.571	123.17
138.14	18.153
32.007	42.33
30.135	164.478
138.594	65.634
89.671	63.222
83.177	130.831
45.368	37.248
155.77	86.634
173.195	39.351
88.586	87.306
50.291	29.161
60.358	99.672
50.346	47.194
56.023	147.364
41.153	48.449
125.89	163.862
122.838	132.454
55.304	138.244
117.807	134.306
110.473	68.572
104.665	91.184
174.111	126.312
166.674	80.709
138.539	94.133
51.2	119.154
165.478	95.552
138.119	110.419
92.643	36.281
114.942	169.64
105.942	97.153
145.133	75.373
78.357	48.333
139.023	65.202
68.58	68.62
142.152	30.193
133.023	155.447
160.165	136.168
163.614	139.905
25.139	165.426
111.154	57.173
112.854	173.319
104.382	82.681
80.603	137.666
171.478	135.031
68.285	80.069
38.159	75.286
65.573	33.079
60.4	127.389
39.105	65.379
70.321	67.347
54.393	136.841
159.139	125.597
157.007	136.043
166.844	40.329
88.847	128.255
31.056	136.959
37.073	119.804
78.564	121.457
118.809	135.712
146.343	30.073
22.037	164.601
34.325	44.096
88.645	64.17
82.172	133.874
167.156	89.81
109.422	129.206
49.48	30.106
45.42	118.747
100.721	28.104
28.004	167.318
70.665	62.244
171.044	80.108
135.185	149.304
169.787	99.218
98.936	46.391
89.825	136.055
88.849	84.708
140.418	69.281
159.756	97.432
132.368	23.111
169.117	43.297
70.266	96.47
27.18	163.682
69.175	100.546
140.305	36.258
66.572	117.755
140.928	28.227
166.923	44.215
107.446	167.317
80.048	44.131
28.066	141.572
109.452	168.233
146.424	80.208
96.145	49.227
65.633	104.434
50.003	31.31
38.17	128.622
140.966	96.208
34.171	138.03
29.086	145.429
97.675	43.256
156.34	128.136
116.319	118.861
44.153	49.383
139.972	81.296
40.36	65.463
147.464	159.888
42.322	30.111
90.385	134.77
87.015	128.428
88.536	71.204
143.193	23.146
174.056	78.136
41.215	122.427
41.285	125.641
30.218	111.132
94.663	32.19
54.361	37.365
112.478	75.077
74.364	80.181
122.705	118.123
47.192	47.151
28.066	137.447
59.568	130.836
31.295	146.479
120.954	118.938
31.071	131.48
87.772	58.301
128.207	125.794
112.489	172.369
168.444	38.013
81.553	120.71
159.993	88.334
138.79	59.535
77.334	61.043
89.257	54.084
131.081	124.126
137.844	151.697
117.552	123.666
95.298	62.5
97.045	42.043
120.127	162.789
162.72	123.095
91.616	74.471
56.066	32.235
141.754	111.59
105.63	173.916
106.377	101.949
142.296	43.256
59.126	103.645
146.917	58.568
26.077	153.017
143.525	87.275
45.377	70.493
113.885	62.03
107.391	159.726
25.093	156.265
107.742	54.412
139.323	117.015
57.001	109.978
127.211	117.971
104.706	88.355
48.151	134.935
131.698	155.696
33.166	116.729
124.627	130.802
148.132	156.353
61.374	110.426
50.119	44.281
37.266	43.253
84.333	77.043
38.063	75.36
29.076	144.181
132.174	123.071
172.916	95.759
77.541	47.405
49.466	133.288
79.416	119.78
69.306	109.809
101.305	41.118
176.307	80.42
146.03	96.733
72.479	60.059
91.465	131.134
164.529	136.908
118.561	133.023
44.184	65.328
28.205	134.839
109.622	126.104
28.193	130.116
26.135	120.358
75.46	66.453
82.411	46.158
58.448	121.06
41.097	140.657
71.348	70.598
127.772	166.414
104.323	170.66
156.315	135.094
117.838	59.382
97.568	33.091
43.151	69.419
40.106	41.187
107.88	60.104
28.038	139.635
146.574	68.575
169.634	86.531
134.626	107.071
59.258	148.914
144.058	52.197
145.74	145.413
104.003	95.903
80.509	123.948
31.146	129.659
31.025	139.017
47.203	32.103
63.082	124.14
129.87	127.197
137.667	59.234
38.324	65.534
168.024	92.58
53.253	123.596
147.937	168.89
100.002	29.192
58.348	108.91
95.677	43.033
141.249	150.987
67.363	68.349
65.246	120.112
129.089	105.878
56.407	125.674
49.048	46.059
162.156	84.218
50.323	29.232
62.419	130.341
42.245	135.513
61.155	128.485
112.523	164.088
27.068	124.796
105.592	88.469
127.18	164.049
179.633	90.609
55.065	125.153
57.128	137.787
158.525	92.221
108.942	56.225
27.158	106.474
90.618	55.39
24.129	108.114
149.327	35.133
34.119	160.327
72.439	106.745
177.936	93.034
137.507	90.298
168.503	122.118
138.421	96.378
168.088	98.43
73.488	92.418
91.308	60.236
35.123	81.446
135.698	25.035
169.009	42.104
129.928	117.929
162.712	140.258
134.609	85.14
37.171	70.353
39.15	139.135
90.449	124.412
131.487	98.619
113.129	168.165
75.105	58.553
146.154	98.53
127.204	161.263
161.304	79.317
170.812	55.104
47.317	40.138
165.146	78.669
165.347	76.072
156.534	133.029
98.291	37.065
163.45	81.184
104.886	98.749
129.266	149.359
156.44	129.06
56.058	33.144
70.038	104.188
32.083	167.424
107.025	171.302
108.59	130.252
146.257	36.166
37.13	133.296
46.332	125.162
169.36	140.159
57.209	113.016
46.425	75.632
112.352	59.353
171.511	122.711
28.126	151.632
171.522	121.108
165.639	50.414
136.163	90.073
32.107	161.085
174.226	83.406
64.1	147.339
29.226	171.618
92.214	55.36
54.536	132.255
97.898	35.084
114.102	84.343
42.327	32.124
41.139	58.425
78.428	47.345
169.574	138.623
169.449	84.785
61.307	98.179
44.128	31.135
68.373	102.086
39.156	116.786
72.192	78.433
70.194	106.502
69.231	92.912
102.331	36.013
76.118	68.358
27.004	106.559
99.605	42.024
30.23	131.698
139.703	66.476
136.976	144.297
33.279	70.213
119.179	166.212
109.576	173.422
137.764	61.308
88.422	61.45
146.641	71.364
126.244	156.014
132.249	108.317
63.121	135.098
71.378	63.185
39.021	48.295
141.015	24.081
126.596	126.243
45.057	124.231
36.185	38.262
173.167	38.041
32.277	46.296
90.791	131.497
82.668	43.306
127.45	127.713
167.579	83.603
95.415	66.577
29.056	41.144
163.766	79.21
58.478	141.59
95.218	55.496
170.357	90.03
111.64	173.366
28.063	144.875
116.01	127.416
77.677	135.17
132.417	149.743
36.275	115.104
143.38	80.032
135.62	154.688
27.168	131.87
165.235	45.092
163.486	43.014
102.747	30.102
114.034	174.513
135.821	153.09
85.582	73.6
109.687	93.778
113.272	88.225
22.191	162.761
84.464	121.825
141.33	106.997
74.054	78.249
86.329	73.55
57.019	36.234
29.276	141.242
53.211	31.123
137.163	155.439
32.145	157.5
36.185	131.02
141.337	37.34
139.206	150.663
78.243	58.09
40.156	122.283
110.301	86.646
38.031	33.33
71.452	58.527
114.541	125.817
157.679	136.968
113.296	62.076
146.363	28.225
41.265	116.693
52.21	30.235
128.792	24.164
44.09	37.052
158.403	138.728
38.207	38.351
128.208	105.27
44.169	52.127
90.714	86.132
177.41	83.552
102.634	45.372
110.233	94.835
133.683	144.217
112.768	166.346
170.046	95.124
105.485	85.025
165.466	52.431
28.101	157.864
28.277	33.041
32.147	72.351
46.218	37.358
111.462	135.749
81.542	117.056
63.624	109.55
113.284	57.29
140.546	41.186
24.11	166.504
109.682	90.866
56.295	127.177
44.361	45.051
67.137	96.48
35.136	53.364
79.106	57.109
81.138	116.052
118.276	166.406
45.023	115.718
56.2	130.222
33.189	127.439
74.2	60.155
33.268	80.681
114.07	161.108
115.46	126.095
36.038	55.012
28.153	140.103
63.281	99.313
173.96	86.012
118.119	160.336
103.579	97.653
105.98	103.844
170.553	51.169
116.594	66.196
38.29	50.471
145.551	44.071
141.31	145.082
161.443	137.08
129.385	147.511
109.07	171.463
173.03	94.184
86.316	72.201
65.024	142.242
113.975	75.206
144.645	144.75
155.226	87.592
148.286	154.233
118.748	59.22
88.078	77.655
178.303	86.471
37.141	136.041
144.62	32.249
25.066	116.85
26.141	118.387
145.653	142.135
52.223	130.113
27.024	110.616
84.79	140.325
50.212	125.531
167.634	134.487
133.116	99.453
123.03	114.331
139.043	52.397
65.292	139.807
163.008	99.56
43.333	120.738
48.208	29.045
71.264	80.249
42.363	133.179
165.613	97.349
35.311	36.077
92.866	131.112
173.162	76.676
37.023	154.387
133.713	97.578
66.557	94.218
74.535	73.707
38.376	71.146
121.945	168.128
72.716	71.425
144.934	158.264
157.483	91.13
48.239	130.393
133.279	148.976
108.972	104.235
35.014	71.623
52.508	116.297
45.323	30.016
147.287	57.032
168.458	57.104
150.285	166.631
46.172	115.02
114.985	135.205
98.425	33.317
142.099	32.065
135.412	156.199
44.135	73.312
166.014	122.869
40.12	43.185
150.984	169.753
165.726	55.442
75.332	95.286
76.099	56.262
43.373	81.221
110.655	83.815
107.291	76.266
76.568	70.289
33.245	118.919
141.692	39.277
127.319	153.563
86.253	82.363
63.165	135.894
170.65	53.398
109.015	61.591
102.877	44.436
134.063	81.424
42.38	29.091
117.797	57.564
103.955	88.779
136.246	80.127
162.421	137.085
139.347	45.099
45.368	138.394
38.2	141.718
139.053	73.352
119.528	115.658
95.271	43.14
25.128	156.471
72.481	76.262
147.204	154.452
122.631	127.917
23.018	35.276
111.59	71.576
36.174	144.537
111.377	178.044
145.029	161.143
136.804	147.841
95.783	45.298
56.091	122.929
116.14	159.169
168.196	121.797
69.396	101.254
147.211	170.492
32.068	75.719
125.491	162.208
32.034	144.395
130.022	158.137
164.33	78.29
61.525	122.593
51.342	125.98
53.281	29.111
26.206	154.591
117.752	128.46
39.025	49.234
60.167	117.612
166.626	39.142
27.19	111.817
59.141	114.735
164.436	119.08
92.779	80.143
54.401	123.804
110.708	168.645
43.319	127.854
137.016	24.143
135.569	150.841
93.289	37.046
143.203	33.181
149.349	170.3
143.985	157.817
78.466	128.576
58.338	139.092
32.22	40.24
135.006	149.441
145.38	38.149
110.692	55.541
70.388	58.144
59.219	138.345
110.743	99.667
31.126	162.201
111.521	51.046
44.073	39.229
106.991	166.239
70.541	55.474
127.301	22.028
94.161	76.333
39.188	35.262
96.921	58.099
93.91	43.42
64.523	142.788
165.582	42.076
95.882	71.579
156.194	131.025
148.443	44.159
151.277	155.407
145.861	163.917
140.707	89.291
81.216	123.262
108.783	53.418
121.457	117.106
113.766	81.37
93.801	76.548
61.034	136.024
63.394	122.604
91.604	122.445
75.578	53.377
84.556	139.617
139.063	41.125
133.166	116.579
168.275	79.648
71.422	60.331
128.814	107.645
103.222	103.408
63.059	109.344
133.028	24.203
46.039	128.057
27.063	110.615
140.368	50.311
48.069	138.249
60.205	147.493
113.624	78.567
140.219	72.121
147.299	51.103
37.017	119.032
59.061	30.226
113.004	64.25
24.063	114.457
30.204	46.441
135.104	97.213
131.629	101.107
47.393	119.368
28.183	31.284
64.175	105.793
138.313	162.214
68.65	61.553
87.547	134.485
158.371	89.002
72.307	92.439
31.048	141.234
83.57	140.165
73.43	61.607
93.202	65.073
156.373	93.731
62.453	150.806
106.685	87.406
148.324	43.027
63.326	110.735
71.667	106.554
87.029	122.304
57.024	120.421
31.102	158.489
95.893	64.583
51.276	135.611
89.113	87.241
108.81	130.465
31.236	149.47
45.184	47.241
36.163	44.343
160.342	140.298
92.277	38.143
159.316	93.564
150.064	165.376
103.512	39.008
110.687	83.528
127.325	155.367
133.049	145.209
160.534	91.241
86.486	66.571
66.262	95.867
98.769	52.259
113.509	94.01
38.22	127.33
107.907	97.837
36.08	137.034
39.146	122.749
142.1	22.13
102.345	95.493
92.562	61.13
111.695	158.279
142.766	143.433
26.017	38.082
24.212	109.74
56.33	28.041
30.216	119.885
71.187	79.11
105.907	161.346
141.051	57.097
75.021	62.585
77.434	43.231
63.334	103.101
114.157	81.303
64.617	112.661
58.066	117.244
50.067	41.308
40.136	58.374
35.204	37.099
28.209	141.129
87.635	133.142
145.109	161.134
70.691	70.287
93.076	51.467
140.389	84.743
105.967	100.484
84.691	78.056
154.684	132.527
92.701	50.286
171.509	77.167
42.099	34.181
137.4	153.515
26.246	112.945
168.177	134.192
139.457	87.567
138.245	20.109
137.06	66.536
137.884	101.368
163.791	45.06
97.355	35.347
122.908	124.828
37.294	74.697
146.347	151.134
105.15	177.385
89.214	119.652
33.13	131.125
53.097	42.199
166.608	39.077
138.028	142.859
29.029	36.082
54.534	116.096
133.829	22.185
67.386	91.798
53.442	133.161
60.089	138.37
169.217	135.263
112.088	161.352
81.532	49.482
68.348	74.558
107.948	74.352
141.28	141.186
166.313	128.319
66.087	101.032
162.568	47.044
104.366	88.149
81.533	140.28
163.06	42.286
106.523	168.449
163.88	89.25
129.859	157.3
125.355	159.414
110.987	165.232
138.358	106.011
72.703	98.623
29.248	145.759
170.579	47.123
141.076	20.003
57.326	114.236
146.157	93.845
48.38	47.174
158.055	140.764
138.818	156.585
90.676	122.703
24.034	36.336
121.792	171.017
160.998	50.16
77.583	64.406
142.25	80.355
44.272	40.173
128.004	164.399
38.143	139.272
31.268	33.308
121.873	158.001
107.534	80.508
67.325	98.591
45.298	74.105
113.505	77.168
138.609	142.08
25.096	160.091
32.198	43.156
168.977	135.829
42.376	129.667
51.036	124.478
83.176	128.085
173.388	96.633
107.523	70.063
123.339	158.063
128.035	117.864
130.058	117.561
37.238	144.115
84.628	130.04
72.18	92.63
59.539	32.046
126.846	116.509
117.296	61.391
60.376	141.722
147.278	29.202
38.183	37.139
106.552	80.705
42.39	79.247
88.87	125.926
150.026	161.524
35.31	158.026
101.602	43.34
136.15	159.515
64.04	142.174
167.544	40.385
81.576	121.57
127.204	107.582
111.704	92.606
149.465	45.111
111.824	60.44
118.456	60.345
144.905	155.537
78.586	42.35
115.002	66.611
147.003	54.442
118.646	127.067
169.422	125.792
29.019	40.373
172.35	42.304
110.68	92.534
57.482	131.158
83.386	123.007
140.461	74.084
167.373	118.35
40.155	123.661
93.275	79.697
33.117	50.498
167.251	87.138
68.15	105.652
166.391	88.599
92.489	69.682
63.108	31.07
110.528	60.218
158.735	96.062
165.315	133.921
77.623	119.439
34.294	30.151
167.622	45.055
92.409	61.479
131.099	101.375
42.215	127.691
57.488	127.121
144.582	37.292
35.279	137.347
115.249	166.704
148.928	40.303
44.02	137.892
113.791	79.555
67.509	99.815
78.545	133.665
104.45	92.148
37.148	140.021
31.147	123.5
88.853	60.435
160.389	129.315
142.276	20.178
146.939	49.247
30.175	107.49
37.099	132.192
147.16	83.142
30.087	35.337
38.016	56.158
33.041	125.534
129.158	123.27
39.363	72.636
40.374	126.685
81.017	121.523
92.28	40.056
109.892	99.914
132.004	150.462
42.327	50.195
141.647	47.419
132.412	125.435
132.952	17.087
140.022	158.25
168.513	88.435
101.315	33.042
95.413	69.215
56.204	126.346
67.653	106.119
60.076	131.757
44.327	69.127
67.045	112.631
43.256	67.087
163.667	137.22
115.634	65.633
103.214	105.906
172.92	124.147
91.204	58.297
123.401	159.971
51.472	133.296
89.535	129.025
44.133	128.398
138.624	103.976
147.981	164.818
42.318	53.082
166.006	40.063
163.186	133.188
127.028	122.089
56.398	39.212
73.554	59.056
145.123	48.226
134.099	33.295
109.541	53.372
107.444	87.803
36.153	71.45
142.442	52.48
109.886	167.584
52.373	45.437
32.268	40.361
31.083	40.016
143.074	149.493
44.034	78.235
161.114	98.088
149.293	166.232
71.176	94.851
144.364	142.135
134.156	109.136
114.072	78.521
48.239	116.686
134.819	87.58
98.537	60.293
76.594	122.022
71.259	60.021
93.69	129.794
90.464	120.578
60.465	29.094
168.08	82.055
25.113	152.164
28.118	159.332
94.022	57.161
139.163	35.125
37.214	128.108
33.192	161.701
84.775	114.938
166.012	130.851
68.383	58.389
160.497	127.738
31.156	145.44
136.676	145.759
37.107	141.019
55.548	140.086
25.099	164.191
147.67	57.006
73.53	51.1
105.208	170.54
104.455	87.39
74.368	66.223
70.252	53.216
90.087	66.458
40.309	66.275
101.987	31.166
159.253	122.148
137.176	98.247
147.365	31.007
73.698	52.293
74.166	54.061
60.192	128.548
34.209	151.05
147.332	146.004
112.049	120.13
98.757	51.188
137.383	42.166
140.383	111.979
144.824	29.069
138.282	22.204
37.183	40.133
30.197	116.119
111.371	54.209
139.039	51.447
48.389	39.274
117.867	156.892
92.194	65.638
85.08	114.931
47.149	70.448
31.188	122.428
140.435	93.878
148.172	143.347
114.279	48.289
46.032	135.325
108.77	86.368
164.151	77.219
43.205	121.98
38.009	36.141
48.154	122.838
135.429	106.608
140.762	24.111
38.12	135.084
105.385	102.82
122.452	153.57
111.486	99.677
123.366	128.149
73.388	79.452
78.707	60.194
48.003	40.261
141.745	70.012
109.458	133.127
174.638	49.368
64.619	117.563
41.288	74.314
100.914	51.437
57.11	34.278
38.342	69.333
165.544	52.222
33.013	149.754
77.388	46.261
51.235	47.23
122.127	164.52
81.559	122.074
132.347	95.662
146.217	158.747
130.875	165.485
28.223	112.022
100.283	33.315
45.191	29.241
110.572	171.278
121.049	130.041
142.261	34.321
36.125	48.021
137.05	86.832
95.289	58.459
51.031	126.788
91.499	131.369
72.386	107.053
54.142	127.489
60.437	140.048
155.468	133.438
35.142	71.264
42.169	127.684
120.248	160.526
